%YAML:1.0
---
K: !!opencv-matrix
   rows: 3
   cols: 3
   dt: d
   data: [ 9.6680083369422869e+02, 0., 6.4999730881953269e+02, 0.,
       9.7115680183614302e+02, 3.6274810821528706e+02, 0., 0., 1. ]
D: !!opencv-matrix
   rows: 1
   cols: 5
   dt: d
   data: [ 1.2043678766544409e-01, -1.2656466360213953e-01,
       -1.0485204745408548e-03, 2.5822338528831350e-03,
       -6.7734901839840322e-01 ]
